00110000 // 0
11110010
01000101
00000000
00000000
00000000
00000000
00000000
00000000
00000000
00110000 // 10
11110011 
01111101
00000000
00000000
00000000
00000000
00000000
00000000
00000000
00110000 // 20
11110010
00000001
00000000
00000000
00000000
00000000
00000000
00000000
00000000
01100001 // 30
00100011
00010000 // 32
00100100 // 33
00110100
01000000 // 35
01000010
00000010
00000000
00000000
00000000
00000000
00000000
00000000
00000000
01010000 // 45
01100010
00000010
00000000
00000000
00000000
00000000
00000000
00000000
00000000
00000000 // 55
01110000 // 56
00000000
00000000
00000000
00000000
00000000
00000000
00000000
00000000
00000000 // 65
00000000 // 66
